3453
2
0
0
0
0
0
0
11488
1
10014
2
0
0
0
0
0
0
10014
1
0
0
0
0
4315
1
0
0
0
0
0
0
0
0
0
0
0
0
4315
1
3442
1
10014
1
3453
2
0
0
1840
1
0
0
0
0
0
0
0
0
0
0
0
0
0
0
0
0
386
1
11753
1
460
1
679
1
0
0
0
0
1633
1
0
0
0
0
23
1
0
0
0
0
937
2
10014
2
11488
1
0
0
0
0
0
0
3377
1
54
1
0
0
1634
1
0
0
10014
2
0
0
0
0
0
0
0
0
23
1
0
0
0
0
5
1
0
0
11753
2
515
1
0
0
0
0
3800
1
0
0
28
1
0
0
0
0
4770
1
5127
1
0
0
11753
1
0
0
0
0
744
1
0
0
1497
1
1
1
118
1
3800
1
0
0
5120
1
1125
1
0
0
8071
1
0
0
0
0
0
0
0
0
459
1
0
0
0
0
324
1
3972
1
0
0
0
0
0
0
17
1
0
0
2066
1
0
0
2539
1
0
0
0
0
0
0
0
0
1067
1
0
0
0
0
0
0
0
0
0
0
763
1
42
1
0
0
0
0
0
0
0
0
0
0
0
0
11488
1
778
1
4555
1
0
0
0
0
0
0
0
0
1667
1
0
0
0
0
0
0
0
0
0
0
0
0
0
0
0
0
0
0
26
1
0
0
0
0
0
0
0
0
392
1
0
0
0
0
0
0
1497
1
0
0
0
0
2387
2
0
0
196
2
184
1
1483
1
1667
1
0
0
14
1
10014
1
4399
1
3
1
24
1
11488
1
0
0
0
0
8071
1
11
2
656
1
11488
1
0
0
0
0
0
0
0
0
11488
1
3800
1
5
1
0
0
0
0
0
0
0
0
0
0
0
0
11753
2
744
1
0
0
263
1
0
0
0
0
78
1
7565
2
0
0
0
0
3192
1
8071
1
0
0
937
1
0
0
11753
1
4399
1
0
0
744
1
2511
1
0
0
4770
1
238
1
0
0
0
0
0
0
11488
2
190
1
0
0
0
0
122
1
0
0
0
0
22
1
290
2
0
0
3
1
0
0
306
1
0
0
40
1
0
0
3442
1
49
1
0
0
0
0
11753
1
0
0
3
1
0
0
0
0
657
1
0
0
0
0
0
0
3072
1
0
0
483
1
0
0
0
0
4315
1
20
1
4315
1
0
0
0
0
81
1
1840
1
0
0
0
0
333
1
2
1
0
0
24
1
0
0
215
1
0
0
0
0
0
0
0
0
1067
2
25
1
0
0
118
1
0
0
0
0
0
0
0
0
162
1
321
1
0
0
0
0
0
0
0
0
3377
1
0
0
7565
1
3304
1
3377
2
0
0
10014
1
47
1
0
0
8071
1
0
0
0
0
0
0
0
0
0
0
0
0
1497
1
10014
1
53
1
0
0
0
0
1667
2
1456
1
0
0
812
1
0
0
20
1
3972
1
0
0
0
0
0
0
0
0
11753
1
1420
1
10014
3
0
0
0
0
0
0
0
0
0
0
0
0
60
1
0
0
0
0
0
0
4555
1
0
0
3800
1
0
0
0
0
0
0
0
0
0
0
0
0
0
0
630
1
0
0
5
1
0
0
1096
1
0
0
3442
1
0
0
0
0
0
0
0
0
0
0
11488
1
0
0
37
1
144
1
4399
1
0
0
0
0
0
0
0
0
0
0
0
0
0
0
0
0
0
0
11488
1
0
0
0
0
11753
1
454
1
196
1
8071
1
0
0
4399
2
0
0
0
0
3442
1
11488
1
0
0
0
0
0
0
3192
1
0
0
130
1
0
0
0
0
0
0
0
0
0
0
0
0
3972
1
2252
2
5
1
4399
1
11753
1
0
0
11753
1
0
0
4770
1
1152
1
0
0
0
0
0
0
0
0
0
0
0
0
91
1
2
1
0
0
3442
1
5120
1
0
0
0
0
0
0
9409
1
0
0
11488
1
217
1
0
0
0
0
181
1
0
0
925
1
695
1
0
0
0
0
136
1
729
1
10014
1
1633
1
1125
1
0
0
1535
1
0
0
0
0
11
1
0
0
12
1
91
1
1497
1
0
0
0
0
0
0
0
0
0
0
0
0
627
1
0
0
0
0
0
0
0
0
0
0
0
0
0
0
3304
1
0
0
526
1
7
1
0
0
1406
1
0
0
0
0
36
1
0
0
1170
1
0
0
1497
1
0
0
17
1
0
0
0
0
4555
1
0
0
9409
2
870
3
0
0
0
0
0
0
0
0
990
1
1
1
0
0
0
0
4555
1
0
0
0
0
11488
1
252
1
0
0
0
0
0
0
0
0
6
1
0
0
0
0
0
0
1462
1
43
1
0
0
729
1
7565
1
0
0
432
1
0
0
0
0
0
0
0
0
4775
1
507
2
0
0
0
0
0
0
0
0
0
0
7
1
4775
1
69
1
11488
1
0
0
137
1
2387
1
0
0
3800
1
4555
1
0
0
1096
1
0
0
139
1
4315
1
183
1
11753
1
9409
1
0
0
11488
1
2252
1
0
0
0
0
1483
2
0
0
0
0
0
0
0
0
160
1
270
2
0
0
2252
1
0
0
8071
1
0
0
0
0
0
0
0
0
0
0
0
0
0
0
0
0
0
0
0
0
0
0
148
1
0
0
0
0
383
1
0
0
0
0
11488
2
0
0
0
0
643
1
0
0
0
0
0
0
5
1
0
0
0
0
0
0
0
0
643
1
166
1
9
1
0
0
1251
1
0
0
0
0
0
0
0
0
0
0
0
0
3377
1
0
0
0
0
0
0
0
0
0
0
294
3
0
0
3072
1
1456
1
0
0
1840
1
0
0
0
0
11753
1
3442
1
0
0
5
1
0
0
0
0
2
1
0
0
166
1
72
1
0
0
176
1
0
0
0
0
33
1
34
1
0
0
0
0
0
0
0
0
4101
1
252
1
357
1
7565
2
0
0
3
1
0
0
323
1
6
1
0
0
1113
1
1
1
0
0
0
0
0
0
0
0
4555
1
8071
1
0
0
0
0
0
0
2387
1
0
0
11488
1
0
0
11488
1
0
0
0
0
11488
1
0
0
0
0
0
0
0
0
0
0
1015
1
11488
1
0
0
2252
1
95
1
0
0
0
0
3
1
0
0
1633
1
0
0
0
0
0
0
2539
1
0
0
3192
1
0
0
79
1
0
0
0
0
0
0
6
1
0
0
3
1
0
0
0
0
0
0
0
0
11753
1
0
0
0
0
4775
1
448
1
0
0
526
1
43
1
0
0
1462
2
0
0
0
0
0
0
0
0
0
0
0
0
3192
1
0
0
0
0
0
0
5
1
9
1
0
0
4770
1
2
1
1315
1
